1 ; 0
1.004 ; 0
1.008 ; 0
1.012 ; 0
1.016 ; 0.0439427
1.02 ; 0.0549398
1.024 ; 0.0659555
1.028 ; 0.0769934
1.032 ; 0.0880666
1.036 ; 0.0991246
1.04 ; 0.110188
1.044 ; 0.121255
1.048 ; 0.132312
1.052 ; 0.143393
1.056 ; 0.154481
1.06 ; 0.165575
1.064 ; 0.176666
1.068 ; 0.187769
1.072 ; 0.198876
1.076 ; 0.209977
1.08 ; 0.22109
1.084 ; 0.232206
1.088 ; 0.243324
1.092 ; 0.254435
1.096 ; 0.265555
1.1 ; 0.276677
1.104 ; 0.287798
1.108 ; 0.298911
1.112 ; 0.310031
1.116 ; 0.32115
1.12 ; 0.332267
1.124 ; 0.343374
1.128 ; 0.354486
1.132 ; 0.365596
1.136 ; 0.376693
1.14 ; 0.387795
1.144 ; 0.398892
1.148 ; 0.409985
1.152 ; 0.421064
1.156 ; 0.432145
1.16 ; 0.44322
1.164 ; 0.454288
1.168 ; 0.465341
1.172 ; 0.476395
1.176 ; 0.48744
1.18 ; 0.498469
1.184 ; 0.509497
1.188 ; 0.520515
1.192 ; 0.531524
1.196 ; 0.542515
1.2 ; 0.553503
1.204 ; 0.564479
1.208 ; 0.575444
1.212 ; 0.58639
1.216 ; 0.597331
1.22 ; 0.608258
1.224 ; 0.619173
1.228 ; 0.630066
1.232 ; 0.640953
1.236 ; 0.651826
1.24 ; 0.662676
1.244 ; 0.673517
1.248 ; 0.684344
1.252 ; 0.695154
1.256 ; 0.70594
1.26 ; 0.716716
1.264 ; 0.727475
1.268 ; 0.738216
1.272 ; 0.748932
1.276 ; 0.759636
1.28 ; 0.770321
1.284 ; 0.780987
1.288 ; 0.791626
1.292 ; 0.802251
1.296 ; 0.812856
1.3 ; 0.823433
1.304 ; 0.833995
1.308 ; 0.844536
1.312 ; 0.855054
1.316 ; 0.865543
1.32 ; 0.876016
1.324 ; 0.886465
1.328 ; 0.896891
1.332 ; 0.907285
1.336 ; 0.917662
1.34 ; 0.928014
1.344 ; 0.93834
1.348 ; 0.948634
1.352 ; 0.958909
1.356 ; 0.969157
1.36 ; 0.979372
1.364 ; 0.989567
1.368 ; 0.999733
1.372 ; 1.00987
1.376 ; 1.01998
1.38 ; 1.03006
1.384 ; 1.04011
1.388 ; 1.05013
1.392 ; 1.06012
1.396 ; 1.07008
1.4 ; 1.08002
1.404 ; 1.08992
1.408 ; 1.09978
1.412 ; 1.10962
1.416 ; 1.11943
1.42 ; 1.1292
1.424 ; 1.13894
1.428 ; 1.14865
1.432 ; 1.15833
1.436 ; 1.16797
1.44 ; 1.17758
1.444 ; 1.18715
1.448 ; 1.19669
1.452 ; 1.20619
1.456 ; 1.21566
1.46 ; 1.22509
1.464 ; 1.23449
1.468 ; 1.24385
1.472 ; 1.25317
1.476 ; 1.26246
1.48 ; 1.2717
1.484 ; 1.28092
1.488 ; 1.29009
1.492 ; 1.29923
1.496 ; 1.30832
1.5 ; 1.31738
1.504 ; 1.3264
1.508 ; 1.33538
1.512 ; 1.34431
1.516 ; 1.35321
1.52 ; 1.36207
1.524 ; 1.37089
1.528 ; 1.37966
1.532 ; 1.3884
1.536 ; 1.39709
1.54 ; 1.40574
1.544 ; 1.41435
1.548 ; 1.42292
1.552 ; 1.43144
1.556 ; 1.43991
1.56 ; 1.44835
1.564 ; 1.45675
1.568 ; 1.46509
1.572 ; 1.47339
1.576 ; 1.48165
1.58 ; 1.48987
1.584 ; 1.49804
1.588 ; 1.50616
1.592 ; 1.51423
1.596 ; 1.52227
1.6 ; 1.53025
1.604 ; 1.53819
1.608 ; 1.54608
1.612 ; 1.55392
1.616 ; 1.56171
1.62 ; 1.56946
1.624 ; 1.57716
1.628 ; 1.58482
1.632 ; 1.59241
1.636 ; 1.59997
1.64 ; 1.60748
1.644 ; 1.61493
1.648 ; 1.62233
1.652 ; 1.62969
1.656 ; 1.637
1.66 ; 1.64425
1.664 ; 1.65145
1.668 ; 1.65861
1.672 ; 1.66571
1.676 ; 1.67276
1.68 ; 1.67976
1.684 ; 1.6867
1.688 ; 1.6936
1.692 ; 1.70044
1.696 ; 1.70723
1.7 ; 1.71396
1.704 ; 1.72065
1.708 ; 1.72727
1.712 ; 1.73385
1.716 ; 1.74037
1.72 ; 1.74684
1.724 ; 1.75325
1.728 ; 1.75961
1.732 ; 1.76592
1.736 ; 1.77216
1.74 ; 1.77836
1.744 ; 1.7845
1.748 ; 1.79058
1.752 ; 1.7966
1.756 ; 1.80257
1.76 ; 1.80849
1.764 ; 1.81435
1.768 ; 1.82014
1.772 ; 1.82589
1.776 ; 1.83157
1.78 ; 1.8372
1.784 ; 1.84277
1.788 ; 1.84829
1.792 ; 1.85374
1.796 ; 1.85914
1.8 ; 1.86448
1.804 ; 1.86976
1.808 ; 1.87498
1.812 ; 1.88014
1.816 ; 1.88524
1.82 ; 1.89028
1.824 ; 1.89527
1.828 ; 1.90019
1.832 ; 1.90505
1.836 ; 1.90986
1.84 ; 1.9146
1.844 ; 1.91928
1.848 ; 1.92391
1.852 ; 1.92847
1.856 ; 1.93296
1.86 ; 1.9374
1.864 ; 1.94178
1.868 ; 1.9461
1.872 ; 1.95035
1.876 ; 1.95454
1.88 ; 1.95867
1.884 ; 1.96274
1.888 ; 1.96675
1.892 ; 1.97069
1.896 ; 1.97457
1.9 ; 1.97838
1.904 ; 1.98214
1.908 ; 1.98583
1.912 ; 1.98946
1.916 ; 1.99302
1.92 ; 1.99652
1.924 ; 1.99996
1.928 ; 2.00333
1.932 ; 2.00664
1.936 ; 2.00988
1.94 ; 2.01306
1.944 ; 2.01618
1.948 ; 2.01923
1.952 ; 2.02221
1.956 ; 2.02514
1.96 ; 2.02799
1.964 ; 2.03078
1.968 ; 2.03351
1.972 ; 2.03617
1.976 ; 2.03876
1.98 ; 2.04129
1.984 ; 2.04375
1.988 ; 2.04615
1.992 ; 2.04848
1.996 ; 2.05075
2 ; 2.05294
2.004 ; 2.05508
2.008 ; 2.05714
2.012 ; 2.05914
2.016 ; 2.06107
2.02 ; 2.06294
2.024 ; 2.06474
2.028 ; 2.06647
2.032 ; 2.06813
2.036 ; 2.06973
2.04 ; 2.07126
2.044 ; 2.07272
2.048 ; 2.07412
2.052 ; 2.07545
2.056 ; 2.07671
2.06 ; 2.0779
2.064 ; 2.07902
2.068 ; 2.08008
2.072 ; 2.08107
2.076 ; 2.08199
2.08 ; 2.08284
2.084 ; 2.08362
2.088 ; 2.08434
2.092 ; 2.08498
2.096 ; 2.08556
2.1 ; 2.08607
2.104 ; 2.08651
2.108 ; 2.08688
2.112 ; 2.08719
2.116 ; 2.08742
2.12 ; 2.08759
2.124 ; 2.08769
2.128 ; 2.08771
2.132 ; 2.08767
2.136 ; 2.08756
2.14 ; 2.08738
2.144 ; 2.08713
2.148 ; 2.08682
2.152 ; 2.08643
2.156 ; 2.08597
2.16 ; 2.08545
2.164 ; 2.08485
2.168 ; 2.08418
2.172 ; 2.08345
2.176 ; 2.08265
2.18 ; 2.08177
2.184 ; 2.08083
2.188 ; 2.07981
2.192 ; 2.07873
2.196 ; 2.07758
2.2 ; 2.07636
2.204 ; 2.07506
2.208 ; 2.0737
2.212 ; 2.07227
2.216 ; 2.07077
2.22 ; 2.0692
2.224 ; 2.06755
2.228 ; 2.06584
2.232 ; 2.06406
2.236 ; 2.06221
2.24 ; 2.06029
2.244 ; 2.0583
2.248 ; 2.05624
2.252 ; 2.0541
2.256 ; 2.0519
2.26 ; 2.04963
2.264 ; 2.04729
2.268 ; 2.04488
2.272 ; 2.0424
2.276 ; 2.03985
2.28 ; 2.03722
2.284 ; 2.03453
2.288 ; 2.03177
2.292 ; 2.02894
2.296 ; 2.02604
2.3 ; 2.02307
2.304 ; 2.02003
2.308 ; 2.01692
2.312 ; 2.01373
2.316 ; 2.01048
2.32 ; 2.00716
2.324 ; 2.00377
2.328 ; 2.00031
2.332 ; 1.99678
2.336 ; 1.99318
2.34 ; 1.98951
2.344 ; 1.98578
2.348 ; 1.98197
2.352 ; 1.97809
2.356 ; 1.97414
2.36 ; 1.97012
2.364 ; 1.96604
2.368 ; 1.96188
2.372 ; 1.95766
2.376 ; 1.95336
2.38 ; 1.949
2.384 ; 1.94456
2.388 ; 1.94006
2.392 ; 1.93549
2.396 ; 1.93085
2.4 ; 1.92614
2.404 ; 1.92136
2.408 ; 1.91651
2.412 ; 1.9116
2.416 ; 1.90661
2.42 ; 1.90156
2.424 ; 1.89644
2.428 ; 1.89125
2.432 ; 1.88599
2.436 ; 1.88066
2.44 ; 1.87526
2.444 ; 1.8698
2.448 ; 1.86426
2.452 ; 1.85866
2.456 ; 1.85299
2.46 ; 1.84726
2.464 ; 1.84145
2.468 ; 1.83558
2.472 ; 1.82964
2.476 ; 1.82363
2.48 ; 1.81756
2.484 ; 1.81141
2.488 ; 1.8052
2.492 ; 1.79893
2.496 ; 1.79258
2.5 ; 1.78617
2.504 ; 1.77969
2.508 ; 1.77314
2.512 ; 1.76653
2.516 ; 1.75985
2.52 ; 1.75311
2.524 ; 1.7463
2.528 ; 1.73942
2.532 ; 1.73247
2.536 ; 1.72546
2.54 ; 1.71838
2.544 ; 1.71124
2.548 ; 1.70403
2.552 ; 1.69676
2.556 ; 1.68942
2.56 ; 1.68202
2.564 ; 1.67455
2.568 ; 1.66701
2.572 ; 1.65941
2.576 ; 1.65174
2.58 ; 1.64401
2.584 ; 1.63622
2.588 ; 1.62836
2.592 ; 1.62044
2.596 ; 1.61245
2.6 ; 1.60439
2.604 ; 1.59628
2.608 ; 1.5881
2.612 ; 1.57985
2.616 ; 1.57155
2.62 ; 1.56318
2.624 ; 1.55474
2.628 ; 1.54624
2.632 ; 1.53768
2.636 ; 1.52906
2.64 ; 1.52037
2.644 ; 1.51163
2.648 ; 1.50281
2.652 ; 1.49394
2.656 ; 1.48501
2.66 ; 1.47601
2.664 ; 1.46695
2.668 ; 1.45783
2.672 ; 1.44865
2.676 ; 1.4394
2.68 ; 1.4301
2.684 ; 1.42074
2.688 ; 1.41131
2.692 ; 1.40182
2.696 ; 1.39228
2.7 ; 1.38267
2.704 ; 1.373
2.708 ; 1.36327
2.712 ; 1.35349
2.716 ; 1.34364
2.72 ; 1.33374
2.724 ; 1.32377
2.728 ; 1.31375
2.732 ; 1.30367
2.736 ; 1.29352
2.74 ; 1.28333
2.744 ; 1.27307
2.748 ; 1.26275
2.752 ; 1.25237
2.756 ; 1.24194
2.76 ; 1.23145
2.764 ; 1.22091
2.768 ; 1.2103
2.772 ; 1.19964
2.776 ; 1.18893
2.78 ; 1.17815
2.784 ; 1.16732
2.788 ; 1.15644
2.792 ; 1.14549
2.796 ; 1.1345
2.8 ; 1.12344
2.804 ; 1.11234
2.808 ; 1.10117
2.812 ; 1.08995
2.816 ; 1.07868
2.82 ; 1.06735
2.824 ; 1.05597
2.828 ; 1.04453
2.832 ; 1.03305
2.836 ; 1.0215
2.84 ; 1.0099
2.844 ; 0.998254
2.848 ; 0.986554
2.852 ; 0.974798
2.856 ; 0.96299
2.86 ; 0.951133
2.864 ; 0.93922
2.868 ; 0.927255
2.872 ; 0.915239
2.876 ; 0.903176
2.88 ; 0.891057
2.884 ; 0.878888
2.888 ; 0.866668
2.892 ; 0.854401
2.896 ; 0.842081
2.9 ; 0.82971
2.904 ; 0.81729
2.908 ; 0.804825
2.912 ; 0.792306
2.916 ; 0.779739
2.92 ; 0.767126
2.924 ; 0.754462
2.928 ; 0.741749
2.932 ; 0.728988
2.936 ; 0.716183
2.94 ; 0.703327
2.944 ; 0.690424
2.948 ; 0.677474
2.952 ; 0.664481
2.956 ; 0.651438
2.96 ; 0.638348
2.964 ; 0.625213
2.968 ; 0.612036
2.972 ; 0.59881
2.976 ; 0.585538
2.98 ; 0.572226
2.984 ; 0.558865
2.988 ; 0.545459
2.992 ; 0.53201
2.996 ; 0.518521
3 ; 0.504984
3.004 ; 0.491403
3.008 ; 0.47778
3.012 ; 0.464118
3.016 ; 0.45041
3.02 ; 0.436659
3.024 ; 0.422866
3.028 ; 0.409036
3.032 ; 0.39516
3.036 ; 0.381244
3.04 ; 0.36729
3.044 ; 0.353292
3.048 ; 0.339253
3.052 ; 0.325175
3.056 ; 0.311061
3.06 ; 0.296903
3.064 ; 0.282706
3.068 ; 0.268471
3.072 ; 0.254201
3.076 ; 0.239888
3.08 ; 0.225538
3.084 ; 0.211149
3.088 ; 0.196728
3.092 ; 0.182265
3.096 ; 0.167765
3.1 ; 0.153234
3.104 ; 0.138661
3.108 ; 0.124052
3.112 ; 0.109408
3.116 ; 0.0947328
3.12 ; 0.0800179
3.124 ; 0.0652681
3.128 ; 0.0504839
3.132 ; 0.0356706
3.136 ; 0.0208182
3.14 ; 0.00593227
3.144 ; -0.008987
3.148 ; -0.023934
3.152 ; -0.038919
3.156 ; -0.0539363
3.16 ; -0.0689805
3.164 ; -0.0840617
3.168 ; -0.0991744
3.172 ; -0.114318
3.176 ; -0.129488
3.18 ; -0.144693
3.184 ; -0.159928
3.188 ; -0.175194
3.192 ; -0.190484
3.196 ; -0.205808
3.2 ; -0.221161
3.204 ; -0.236543
3.208 ; -0.251948
3.212 ; -0.267387
3.216 ; -0.282853
3.22 ; -0.298341
3.224 ; -0.313862
3.228 ; -0.32941
3.232 ; -0.344984
3.236 ; -0.360578
3.24 ; -0.376204
3.244 ; -0.391856
3.248 ; -0.407533
3.252 ; -0.423229
3.256 ; -0.438955
3.26 ; -0.454705
3.264 ; -0.470479
3.268 ; -0.486271
3.272 ; -0.502093
3.276 ; -0.517936
3.28 ; -0.533797
3.284 ; -0.549686
3.288 ; -0.565597
3.292 ; -0.581529
3.296 ; -0.597477
3.3 ; -0.613452
3.304 ; -0.629447
3.308 ; -0.645463
3.312 ; -0.661493
3.316 ; -0.677548
3.32 ; -0.693622
3.324 ; -0.709715
3.328 ; -0.725822
3.332 ; -0.741952
3.336 ; -0.7581
3.34 ; -0.77426
3.344 ; -0.790444
3.348 ; -0.806644
3.352 ; -0.82286
3.356 ; -0.839088
3.36 ; -0.855337
3.364 ; -0.871601
3.368 ; -0.887881
3.372 ; -0.90417
3.376 ; -0.920479
3.38 ; -0.936803
3.384 ; -0.95314
3.388 ; -0.969485
3.392 ; -0.985849
3.396 ; -1.00223
3.4 ; -1.01861
3.404 ; -1.03501
3.408 ; -1.05143
3.412 ; -1.06785
3.416 ; -1.08428
3.42 ; -1.10073
3.424 ; -1.11719
3.428 ; -1.13365
3.432 ; -1.15013
3.436 ; -1.16661
3.44 ; -1.18311
3.444 ; -1.19961
3.448 ; -1.21612
3.452 ; -1.23264
3.456 ; -1.24917
3.46 ; -1.2657
3.464 ; -1.28224
3.468 ; -1.29879
3.472 ; -1.31535
3.476 ; -1.33191
3.48 ; -1.34847
3.484 ; -1.36505
3.488 ; -1.38163
3.492 ; -1.3982
3.496 ; -1.41479
3.5 ; -1.43138
3.504 ; -1.44797
3.508 ; -1.46456
3.512 ; -1.48116
3.516 ; -1.49777
3.52 ; -1.51436
3.524 ; -1.53097
3.528 ; -1.54758
3.532 ; -1.56419
3.536 ; -1.58079
3.54 ; -1.5974
3.544 ; -1.61401
3.548 ; -1.63062
3.552 ; -1.64722
3.556 ; -1.66383
3.56 ; -1.68043
3.564 ; -1.69704
3.568 ; -1.71363
3.572 ; -1.73023
3.576 ; -1.74683
3.58 ; -1.76342
3.584 ; -1.78001
3.588 ; -1.79659
3.592 ; -1.81317
3.596 ; -1.82974
3.6 ; -1.84632
3.604 ; -1.86288
3.608 ; -1.87944
3.612 ; -1.89599
3.616 ; -1.91254
3.62 ; -1.92908
3.624 ; -1.94562
3.628 ; -1.96214
3.632 ; -1.97866
3.636 ; -1.99517
3.64 ; -2.01166
3.644 ; -2.02816
3.648 ; -2.04464
3.652 ; -2.06112
3.656 ; -2.07757
3.66 ; -2.09403
3.664 ; -2.11047
3.668 ; -2.1269
3.672 ; -2.14332
3.676 ; -2.15973
3.68 ; -2.17612
3.684 ; -2.19251
3.688 ; -2.20887
3.692 ; -2.22523
3.696 ; -2.24158
3.7 ; -2.2579
3.704 ; -2.27422
3.708 ; -2.29052
3.712 ; -2.30681
3.716 ; -2.32308
3.72 ; -2.33933
3.724 ; -2.35557
3.728 ; -2.3718
3.732 ; -2.388
3.736 ; -2.40419
3.74 ; -2.42036
3.744 ; -2.43652
3.748 ; -2.45265
3.752 ; -2.46876
3.756 ; -2.48486
3.76 ; -2.50094
3.764 ; -2.517
3.768 ; -2.53304
3.772 ; -2.54906
3.776 ; -2.56505
3.78 ; -2.58103
3.784 ; -2.59699
3.788 ; -2.61293
3.792 ; -2.62883
3.796 ; -2.64472
3.8 ; -2.66059
3.804 ; -2.67644
3.808 ; -2.69225
3.812 ; -2.70805
3.816 ; -2.72383
3.82 ; -2.73957
3.824 ; -2.7553
3.828 ; -2.771
3.832 ; -2.78667
3.836 ; -2.80231
3.84 ; -2.81793
3.844 ; -2.83353
3.848 ; -2.8491
3.852 ; -2.86463
3.856 ; -2.88015
3.86 ; -2.89563
3.864 ; -2.91109
3.868 ; -2.92651
3.872 ; -2.94191
3.876 ; -2.95728
3.88 ; -2.97262
3.884 ; -2.98793
3.888 ; -3.00321
3.892 ; -3.01846
3.896 ; -3.03367
3.9 ; -3.04886
3.904 ; -3.06401
3.908 ; -3.07914
3.912 ; -3.09422
3.916 ; -3.10928
3.92 ; -3.12431
3.924 ; -3.1393
3.928 ; -3.15425
3.932 ; -3.16917
3.936 ; -3.18406
3.94 ; -3.19891
3.944 ; -3.21373
3.948 ; -3.22851
3.952 ; -3.24326
3.956 ; -3.25797
3.96 ; -3.27264
3.964 ; -3.28728
3.968 ; -3.30189
3.972 ; -3.31644
3.976 ; -3.33097
3.98 ; -3.34546
3.984 ; -3.35991
3.988 ; -3.37431
3.992 ; -3.38868
3.996 ; -3.40302
4 ; -3.4173
4.004 ; -3.43156
4.008 ; -3.44577
4.012 ; -3.45994
4.016 ; -3.47406
4.02 ; -3.48815
4.024 ; -3.5022
4.028 ; -3.5162
4.032 ; -3.53016
4.036 ; -3.54408
4.04 ; -3.55796
4.044 ; -3.57179
4.048 ; -3.58558
4.052 ; -3.59932
4.056 ; -3.61302
4.06 ; -3.62668
4.064 ; -3.64029
4.068 ; -3.65385
4.072 ; -3.66737
4.076 ; -3.68084
4.08 ; -3.69427
4.084 ; -3.70765
4.088 ; -3.72099
4.092 ; -3.73427
4.096 ; -3.74751
4.1 ; -3.76071
4.104 ; -3.77385
4.108 ; -3.78694
4.112 ; -3.79999
4.116 ; -3.81299
4.12 ; -3.82594
4.124 ; -3.83883
4.128 ; -3.85168
4.132 ; -3.86448
4.136 ; -3.87723
4.14 ; -3.88992
4.144 ; -3.90257
4.148 ; -3.91517
4.152 ; -3.92771
4.156 ; -3.9402
4.16 ; -3.95264
4.164 ; -3.96502
4.168 ; -3.97735
4.172 ; -3.98963
4.176 ; -4.00186
4.18 ; -4.01403
4.184 ; -4.02615
4.188 ; -4.03821
4.192 ; -4.05022
4.196 ; -4.06217
4.2 ; -4.07407
4.204 ; -4.08591
4.208 ; -4.0977
4.212 ; -4.10943
4.216 ; -4.1211
4.22 ; -4.13272
4.224 ; -4.14428
4.228 ; -4.15578
4.232 ; -4.16723
4.236 ; -4.17862
4.24 ; -4.18995
4.244 ; -4.20122
4.248 ; -4.21243
4.252 ; -4.22358
4.256 ; -4.23467
4.26 ; -4.24571
4.264 ; -4.25669
4.268 ; -4.2676
4.272 ; -4.27845
4.276 ; -4.28925
4.28 ; -4.29998
4.284 ; -4.31065
4.288 ; -4.32126
4.292 ; -4.33181
4.296 ; -4.3423
4.3 ; -4.35272
4.304 ; -4.36308
4.308 ; -4.37338
4.312 ; -4.38362
4.316 ; -4.39379
4.32 ; -4.4039
4.324 ; -4.41394
4.328 ; -4.42392
4.332 ; -4.43384
4.336 ; -4.44369
4.34 ; -4.45348
4.344 ; -4.4632
4.348 ; -4.47285
4.352 ; -4.48245
4.356 ; -4.49197
4.36 ; -4.50143
4.364 ; -4.51082
4.368 ; -4.52015
4.372 ; -4.52941
4.376 ; -4.5386
4.38 ; -4.54773
4.384 ; -4.55679
4.388 ; -4.56578
4.392 ; -4.57469
4.396 ; -4.58355
4.4 ; -4.59233
4.404 ; -4.60105
4.408 ; -4.6097
4.412 ; -4.61827
4.416 ; -4.62678
4.42 ; -4.63522
4.424 ; -4.64359
4.428 ; -4.65189
4.432 ; -4.66012
4.436 ; -4.66827
4.44 ; -4.67636
4.444 ; -4.68438
4.448 ; -4.69232
4.452 ; -4.70019
4.456 ; -4.708
4.46 ; -4.71573
4.464 ; -4.72338
4.468 ; -4.73097
4.472 ; -4.73848
4.476 ; -4.74592
4.48 ; -4.75329
4.484 ; -4.76058
4.488 ; -4.7678
4.492 ; -4.77494
4.496 ; -4.78201
4.5 ; -4.78901
4.504 ; -4.79594
4.508 ; -4.80279
4.512 ; -4.80956
4.516 ; -4.81626
4.52 ; -4.82289
4.524 ; -4.82944
4.528 ; -4.83591
4.532 ; -4.84231
4.536 ; -4.84863
4.54 ; -4.85488
4.544 ; -4.86105
4.548 ; -4.86714
4.552 ; -4.87316
4.556 ; -4.8791
4.56 ; -4.88496
4.564 ; -4.89075
4.568 ; -4.89646
4.572 ; -4.90209
4.576 ; -4.90764
4.58 ; -4.91312
4.584 ; -4.91852
4.588 ; -4.92384
4.592 ; -4.92908
4.596 ; -4.93424
4.6 ; -4.93933
4.604 ; -4.94433
4.608 ; -4.94926
4.612 ; -4.9541
4.616 ; -4.95887
4.62 ; -4.96356
4.624 ; -4.96816
4.628 ; -4.97269
4.632 ; -4.97714
4.636 ; -4.98151
4.64 ; -4.98579
4.644 ; -4.99
4.648 ; -4.99413
4.652 ; -4.99817
4.656 ; -5.00214
4.66 ; -5.00602
4.664 ; -5.00982
4.668 ; -5.01354
4.672 ; -5.01718
4.676 ; -5.02073
4.68 ; -5.02421
4.684 ; -5.0276
4.688 ; -5.03091
4.692 ; -5.03414
4.696 ; -5.03729
4.7 ; -5.04035
4.704 ; -5.04333
4.708 ; -5.04623
4.712 ; -5.04904
4.716 ; -5.05177
4.72 ; -5.05442
4.724 ; -5.05698
4.728 ; -5.05947
4.732 ; -5.06186
4.736 ; -5.06418
4.74 ; -5.06641
4.744 ; -5.06855
4.748 ; -5.07062
4.752 ; -5.07259
4.756 ; -5.07449
4.76 ; -5.07629
4.764 ; -5.07802
4.768 ; -5.07966
4.772 ; -5.08121
4.776 ; -5.08268
4.78 ; -5.08407
4.784 ; -5.08537
4.788 ; -5.08658
4.792 ; -5.08771
4.796 ; -5.08875
4.8 ; -5.08971
4.804 ; -5.09059
4.808 ; -5.09137
4.812 ; -5.09207
4.816 ; -5.09269
4.82 ; -5.09322
4.824 ; -5.09366
4.828 ; -5.09402
4.832 ; -5.09429
4.836 ; -5.09448
4.84 ; -5.09458
4.844 ; -5.09459
4.848 ; -5.09451
4.852 ; -5.09435
4.856 ; -5.0941
4.86 ; -5.09377
4.864 ; -5.09335
4.868 ; -5.09284
4.872 ; -5.09224
4.876 ; -5.09156
4.88 ; -5.09079
4.884 ; -5.08994
4.888 ; -5.08899
4.892 ; -5.08796
4.896 ; -5.08684
4.9 ; -5.08564
4.904 ; -5.08434
4.908 ; -5.08296
4.912 ; -5.0815
4.916 ; -5.07994
4.92 ; -5.07829
4.924 ; -5.07656
4.928 ; -5.07474
4.932 ; -5.07284
4.936 ; -5.07084
4.94 ; -5.06876
4.944 ; -5.06659
4.948 ; -5.06433
4.952 ; -5.06198
4.956 ; -5.05955
4.96 ; -5.05703
4.964 ; -5.05441
4.968 ; -5.05171
4.972 ; -5.04893
4.976 ; -5.04605
4.98 ; -5.04309
4.984 ; -5.04004
4.988 ; -5.0369
4.992 ; -5.03367
4.996 ; -5.03035
5 ; -5.02695
5.004 ; -5.02345
5.008 ; -5.01987
5.012 ; -5.0162
5.016 ; -5.01244
5.02 ; -5.00859
5.024 ; -5.00466
5.028 ; -5.00063
5.032 ; -4.99652
5.036 ; -4.99232
5.04 ; -4.98803
5.044 ; -4.98365
5.048 ; -4.97919
5.052 ; -4.97463
5.056 ; -4.96999
5.06 ; -4.96526
5.064 ; -4.96044
5.068 ; -4.95553
5.072 ; -4.95054
5.076 ; -4.94545
5.08 ; -4.94028
5.084 ; -4.93502
5.088 ; -4.92967
5.092 ; -4.92423
5.096 ; -4.91871
5.1 ; -4.91309
5.104 ; -4.90739
5.108 ; -4.9016
5.112 ; -4.89572
5.116 ; -4.88975
5.12 ; -4.8837
5.124 ; -4.87756
5.128 ; -4.87132
5.132 ; -4.86501
5.136 ; -4.8586
5.14 ; -4.8521
5.144 ; -4.84552
5.148 ; -4.83885
5.152 ; -4.83209
5.156 ; -4.82525
5.16 ; -4.81832
5.164 ; -4.81129
5.168 ; -4.80419
5.172 ; -4.79699
5.176 ; -4.78971
5.18 ; -4.78234
5.184 ; -4.77488
5.188 ; -4.76733
5.192 ; -4.7597
5.196 ; -4.75198
5.2 ; -4.74417
5.204 ; -4.73628
5.208 ; -4.7283
5.212 ; -4.72023
5.216 ; -4.71208
5.22 ; -4.70384
5.224 ; -4.69551
5.228 ; -4.68709
5.232 ; -4.67859
5.236 ; -4.67001
5.24 ; -4.66133
5.244 ; -4.65257
5.248 ; -4.64373
5.252 ; -4.6348
5.256 ; -4.62578
5.26 ; -4.61667
5.264 ; -4.60748
5.268 ; -4.59821
5.272 ; -4.58885
5.276 ; -4.5794
5.28 ; -4.56987
5.284 ; -4.56025
5.288 ; -4.55055
5.292 ; -4.54076
5.296 ; -4.53089
5.3 ; -4.52093
5.304 ; -4.51089
5.308 ; -4.50077
5.312 ; -4.49055
5.316 ; -4.48026
5.32 ; -4.46988
5.324 ; -4.45941
5.328 ; -4.44886
5.332 ; -4.43823
5.336 ; -4.42752
5.34 ; -4.41672
5.344 ; -4.40583
5.348 ; -4.39486
5.352 ; -4.38382
5.356 ; -4.37268
5.36 ; -4.36146
5.364 ; -4.35016
5.368 ; -4.33878
5.372 ; -4.32732
5.376 ; -4.31577
5.38 ; -4.30414
5.384 ; -4.29243
5.388 ; -4.28063
5.392 ; -4.26876
5.396 ; -4.2568
5.4 ; -4.24476
5.404 ; -4.23264
5.408 ; -4.22043
5.412 ; -4.20815
5.416 ; -4.19578
5.42 ; -4.18334
5.424 ; -4.17081
5.428 ; -4.1582
5.432 ; -4.14551
5.436 ; -4.13275
5.44 ; -4.1199
5.444 ; -4.10697
5.448 ; -4.09396
5.452 ; -4.08087
5.456 ; -4.06771
5.46 ; -4.05446
5.464 ; -4.04113
5.468 ; -4.02773
5.472 ; -4.01424
5.476 ; -4.00068
5.48 ; -3.98704
5.484 ; -3.97332
5.488 ; -3.95953
5.492 ; -3.94565
5.496 ; -3.9317
5.5 ; -3.91766
5.504 ; -3.90356
5.508 ; -3.88937
5.512 ; -3.87511
5.516 ; -3.86078
5.52 ; -3.84636
5.524 ; -3.83187
5.528 ; -3.8173
5.532 ; -3.80266
5.536 ; -3.78794
5.54 ; -3.77314
5.544 ; -3.75827
5.548 ; -3.74333
5.552 ; -3.72831
5.556 ; -3.71321
5.56 ; -3.69804
5.564 ; -3.6828
5.568 ; -3.66748
5.572 ; -3.65209
5.576 ; -3.63663
5.58 ; -3.62109
5.584 ; -3.60547
5.588 ; -3.58979
5.592 ; -3.57403
5.596 ; -3.5582
5.6 ; -3.54229
5.604 ; -3.52632
5.608 ; -3.51027
5.612 ; -3.49415
5.616 ; -3.47796
5.62 ; -3.4617
5.624 ; -3.44537
5.628 ; -3.42896
5.632 ; -3.41249
5.636 ; -3.39595
5.64 ; -3.37933
5.644 ; -3.36265
5.648 ; -3.34589
5.652 ; -3.32907
5.656 ; -3.31218
5.66 ; -3.29521
5.664 ; -3.27818
5.668 ; -3.26109
5.672 ; -3.24392
5.676 ; -3.22668
5.68 ; -3.20938
5.684 ; -3.19202
5.688 ; -3.17458
5.692 ; -3.15707
5.696 ; -3.13951
5.7 ; -3.12187
5.704 ; -3.10417
5.708 ; -3.0864
5.712 ; -3.06857
5.716 ; -3.05066
5.72 ; -3.0327
5.724 ; -3.01467
5.728 ; -2.99658
5.732 ; -2.97842
5.736 ; -2.9602
5.74 ; -2.94191
5.744 ; -2.92356
5.748 ; -2.90515
5.752 ; -2.88668
5.756 ; -2.86814
5.76 ; -2.84954
5.764 ; -2.83088
5.768 ; -2.81215
5.772 ; -2.79337
5.776 ; -2.77452
5.78 ; -2.75561
5.784 ; -2.73665
5.788 ; -2.71762
5.792 ; -2.69853
5.796 ; -2.67938
5.8 ; -2.66017
5.804 ; -2.64091
5.808 ; -2.62158
5.812 ; -2.6022
5.816 ; -2.58276
5.82 ; -2.56326
5.824 ; -2.5437
5.828 ; -2.52408
5.832 ; -2.50441
5.836 ; -2.48468
5.84 ; -2.46489
5.844 ; -2.44505
5.848 ; -2.42515
5.852 ; -2.4052
5.856 ; -2.38519
5.86 ; -2.36512
5.864 ; -2.34501
5.868 ; -2.32483
5.872 ; -2.3046
5.876 ; -2.28432
5.88 ; -2.26399
5.884 ; -2.2436
5.888 ; -2.22316
5.892 ; -2.20267
5.896 ; -2.18212
5.9 ; -2.16152
5.904 ; -2.14087
5.908 ; -2.12018
5.912 ; -2.09943
5.916 ; -2.07862
5.92 ; -2.05777
5.924 ; -2.03687
5.928 ; -2.01592
5.932 ; -1.99492
5.936 ; -1.97387
5.94 ; -1.95277
5.944 ; -1.93163
5.948 ; -1.91043
5.952 ; -1.88919
5.956 ; -1.8679
5.96 ; -1.84657
5.964 ; -1.82518
5.968 ; -1.80376
5.972 ; -1.78228
5.976 ; -1.76076
5.98 ; -1.73919
5.984 ; -1.71759
5.988 ; -1.69593
5.992 ; -1.67423
5.996 ; -1.65249
6 ; -1.6307
6.004 ; -1.60887
6.008 ; -1.587
6.012 ; -1.56509
6.016 ; -1.54313
6.02 ; -1.52113
6.024 ; -1.49909
6.028 ; -1.47701
6.032 ; -1.45489
6.036 ; -1.43272
6.04 ; -1.41052
6.044 ; -1.38828
6.048 ; -1.366
6.052 ; -1.34368
6.056 ; -1.32132
6.06 ; -1.29892
6.064 ; -1.27649
6.068 ; -1.25401
6.072 ; -1.23151
6.076 ; -1.20896
6.08 ; -1.18638
6.084 ; -1.16376
6.088 ; -1.14111
6.092 ; -1.11841
6.096 ; -1.09569
6.1 ; -1.07293
6.104 ; -1.05014
6.108 ; -1.02731
6.112 ; -1.00444
6.116 ; -0.981556
6.12 ; -0.958627
6.124 ; -0.935666
6.128 ; -0.912673
6.132 ; -0.889655
6.136 ; -0.866599
6.14 ; -0.843512
6.144 ; -0.820395
6.148 ; -0.797254
6.152 ; -0.774077
6.156 ; -0.750871
6.16 ; -0.727635
6.164 ; -0.704378
6.168 ; -0.681086
6.172 ; -0.657766
6.176 ; -0.634425
6.18 ; -0.61105
6.184 ; -0.587649
6.188 ; -0.564221
6.192 ; -0.540774
6.196 ; -0.517295
6.2 ; -0.493791
6.204 ; -0.470262
6.208 ; -0.446715
6.212 ; -0.423137
6.216 ; -0.399536
6.22 ; -0.375912
6.224 ; -0.352272
6.228 ; -0.328602
6.232 ; -0.304911
6.236 ; -0.281204
6.24 ; -0.25747
6.244 ; -0.233714
6.248 ; -0.209939
6.252 ; -0.18615
6.256 ; -0.162334
6.26 ; -0.138499
6.264 ; -0.114645
6.268 ; -0.09078
6.272 ; -0.0668896
6.276 ; -0.0429815
6.28 ; -0.0190561
6.284 ; 0.00487924
6.288 ; 0.0288381
6.292 ; 0.052813
6.296 ; 0.0767966
6.3 ; 0.100803
6.304 ; 0.124823
6.308 ; 0.148859
6.312 ; 0.172901
6.316 ; 0.196964
6.32 ; 0.221041
6.324 ; 0.24513
6.328 ; 0.269225
6.332 ; 0.293339
6.336 ; 0.317465
6.34 ; 0.341602
6.344 ; 0.365742
6.348 ; 0.389901
6.352 ; 0.414069
6.356 ; 0.43824
6.36 ; 0.462427
6.364 ; 0.486623
6.368 ; 0.510828
6.372 ; 0.535033
6.376 ; 0.559253
6.38 ; 0.583481
6.384 ; 0.607715
6.388 ; 0.631948
6.392 ; 0.656195
6.396 ; 0.680447
6.4 ; 0.704704
6.404 ; 0.728959
6.408 ; 0.753226
6.412 ; 0.777496
6.416 ; 0.801763
6.42 ; 0.82604
6.424 ; 0.850319
6.428 ; 0.874601
6.432 ; 0.898878
6.436 ; 0.923163
6.44 ; 0.94745
6.444 ; 0.971736
6.448 ; 0.996016
6.452 ; 1.0203
6.456 ; 1.04459
6.46 ; 1.06888
6.464 ; 1.09315
6.468 ; 1.11743
6.472 ; 1.14171
6.476 ; 1.16598
6.48 ; 1.19026
6.484 ; 1.21453
6.488 ; 1.23879
6.492 ; 1.26305
6.496 ; 1.28731
6.5 ; 1.31156
6.504 ; 1.33581
6.508 ; 1.36004
6.512 ; 1.38427
6.516 ; 1.4085
6.52 ; 1.43272
6.524 ; 1.45693
6.528 ; 1.48113
6.532 ; 1.50533
6.536 ; 1.52951
6.54 ; 1.55368
6.544 ; 1.57785
6.548 ; 1.60201
6.552 ; 1.62615
6.556 ; 1.65029
6.56 ; 1.67441
6.564 ; 1.69852
6.568 ; 1.72262
6.572 ; 1.7467
6.576 ; 1.77078
6.58 ; 1.79484
6.584 ; 1.81888
6.588 ; 1.84291
6.592 ; 1.86693
6.596 ; 1.89093
6.6 ; 1.91492
6.604 ; 1.93889
6.608 ; 1.96284
6.612 ; 1.98677
6.616 ; 2.0107
6.62 ; 2.0346
6.624 ; 2.05848
6.628 ; 2.08234
6.632 ; 2.10619
6.636 ; 2.13002
6.64 ; 2.15383
6.644 ; 2.17761
6.648 ; 2.20138
6.652 ; 2.22513
6.656 ; 2.24884
6.66 ; 2.27255
6.664 ; 2.29623
6.668 ; 2.31989
6.672 ; 2.34352
6.676 ; 2.36713
6.68 ; 2.39072
6.684 ; 2.41428
6.688 ; 2.43781
6.692 ; 2.46133
6.696 ; 2.48482
6.7 ; 2.50828
6.704 ; 2.53171
6.708 ; 2.55512
6.712 ; 2.5785
6.716 ; 2.60185
6.72 ; 2.62518
6.724 ; 2.64847
6.728 ; 2.67174
6.732 ; 2.69498
6.736 ; 2.71819
6.74 ; 2.74137
6.744 ; 2.76452
6.748 ; 2.78763
6.752 ; 2.81072
6.756 ; 2.83377
6.76 ; 2.8568
6.764 ; 2.87978
6.768 ; 2.90274
6.772 ; 2.92566
6.776 ; 2.94855
6.78 ; 2.97141
6.784 ; 2.99423
6.788 ; 3.01702
6.792 ; 3.03976
6.796 ; 3.06248
6.8 ; 3.08516
6.804 ; 3.1078
6.808 ; 3.1304
6.812 ; 3.15297
6.816 ; 3.1755
6.82 ; 3.198
6.824 ; 3.22044
6.828 ; 3.24286
6.832 ; 3.26523
6.836 ; 3.28756
6.84 ; 3.30986
6.844 ; 3.33212
6.848 ; 3.35433
6.852 ; 3.3765
6.856 ; 3.39863
6.86 ; 3.42072
6.864 ; 3.44276
6.868 ; 3.46476
6.872 ; 3.48672
6.876 ; 3.50864
6.88 ; 3.53051
6.884 ; 3.55233
6.888 ; 3.57411
6.892 ; 3.59585
6.896 ; 3.61753
6.9 ; 3.63918
6.904 ; 3.66078
6.908 ; 3.68233
6.912 ; 3.70383
6.916 ; 3.72529
6.92 ; 3.74669
6.924 ; 3.76805
6.928 ; 3.78936
6.932 ; 3.81062
6.936 ; 3.83183
6.94 ; 3.853
6.944 ; 3.8741
6.948 ; 3.89516
6.952 ; 3.91617
6.956 ; 3.93712
6.96 ; 3.95803
6.964 ; 3.97889
6.968 ; 3.99969
6.972 ; 4.02043
6.976 ; 4.04112
6.98 ; 4.06176
6.984 ; 4.08235
6.988 ; 4.10288
6.992 ; 4.12335
6.996 ; 4.14378
7 ; 4.16414
7.004 ; 4.18445
7.008 ; 4.2047
7.012 ; 4.2249
7.016 ; 4.24503
7.02 ; 4.26511
7.024 ; 4.28514
7.028 ; 4.3051
7.032 ; 4.325
7.036 ; 4.34485
7.04 ; 4.36464
7.044 ; 4.38437
7.048 ; 4.40403
7.052 ; 4.42364
7.056 ; 4.44318
7.06 ; 4.46267
7.064 ; 4.48209
7.068 ; 4.50145
7.072 ; 4.52075
7.076 ; 4.53998
7.08 ; 4.55915
7.084 ; 4.57827
7.088 ; 4.59731
7.092 ; 4.61629
7.096 ; 4.63521
7.1 ; 4.65406
7.104 ; 4.67285
7.108 ; 4.69157
7.112 ; 4.71022
7.116 ; 4.72881
7.12 ; 4.74734
7.124 ; 4.76579
7.128 ; 4.78418
7.132 ; 4.8025
7.136 ; 4.82075
7.14 ; 4.83894
7.144 ; 4.85706
7.148 ; 4.8751
7.152 ; 4.89308
7.156 ; 4.91099
7.16 ; 4.92883
7.164 ; 4.9466
7.168 ; 4.96429
7.172 ; 4.98192
7.176 ; 4.99947
7.18 ; 5.01696
7.184 ; 5.03436
7.188 ; 5.0517
7.192 ; 5.06897
7.196 ; 5.08616
7.2 ; 5.10328
7.204 ; 5.12033
7.208 ; 5.1373
7.212 ; 5.1542
7.216 ; 5.17102
7.22 ; 5.18777
7.224 ; 5.20445
7.228 ; 5.22104
7.232 ; 5.23756
7.236 ; 5.25401
7.24 ; 5.27038
7.244 ; 5.28667
7.248 ; 5.30288
7.252 ; 5.31902
7.256 ; 5.33508
7.26 ; 5.35106
7.264 ; 5.36696
7.268 ; 5.38279
7.272 ; 5.39853
7.276 ; 5.4142
7.28 ; 5.42979
7.284 ; 5.44529
7.288 ; 5.46072
7.292 ; 5.47606
7.296 ; 5.49133
7.3 ; 5.50652
7.304 ; 5.52161
7.308 ; 5.53664
7.312 ; 5.55158
7.316 ; 5.56643
7.32 ; 5.5812
7.324 ; 5.5959
7.328 ; 5.6105
7.332 ; 5.62502
7.336 ; 5.63947
7.34 ; 5.65382
7.344 ; 5.6681
7.348 ; 5.68228
7.352 ; 5.69639
7.356 ; 5.7104
7.36 ; 5.72434
7.364 ; 5.73818
7.368 ; 5.75194
7.372 ; 5.76562
7.376 ; 5.7792
7.38 ; 5.7927
7.384 ; 5.80612
7.388 ; 5.81944
7.392 ; 5.83268
7.396 ; 5.84583
7.4 ; 5.8589
7.404 ; 5.87187
7.408 ; 5.88475
7.412 ; 5.89755
7.416 ; 5.91026
7.42 ; 5.92288
7.424 ; 5.9354
7.428 ; 5.94784
7.432 ; 5.96019
7.436 ; 5.97244
7.44 ; 5.98461
7.444 ; 5.99669
7.448 ; 6.00867
7.452 ; 6.02056
7.456 ; 6.03237
7.46 ; 6.04408
7.464 ; 6.0557
7.468 ; 6.06722
7.472 ; 6.07865
7.476 ; 6.08999
7.48 ; 6.10124
7.484 ; 6.11239
7.488 ; 6.12345
7.492 ; 6.13441
7.496 ; 6.14528
7.5 ; 6.15606
7.504 ; 6.16674
7.508 ; 6.17733
7.512 ; 6.18782
7.516 ; 6.19822
7.52 ; 6.20852
7.524 ; 6.21873
7.528 ; 6.22883
7.532 ; 6.23885
7.536 ; 6.24877
7.54 ; 6.25859
7.544 ; 6.26831
7.548 ; 6.27794
7.552 ; 6.28747
7.556 ; 6.2969
7.56 ; 6.30624
7.564 ; 6.31547
7.568 ; 6.32461
7.572 ; 6.33365
7.576 ; 6.3426
7.58 ; 6.35144
7.584 ; 6.36019
7.588 ; 6.36883
7.592 ; 6.37738
7.596 ; 6.38583
7.6 ; 6.39418
7.604 ; 6.40243
7.608 ; 6.41058
7.612 ; 6.41863
7.616 ; 6.42657
7.62 ; 6.43442
7.624 ; 6.44217
7.628 ; 6.44982
7.632 ; 6.45736
7.636 ; 6.4648
7.64 ; 6.47215
7.644 ; 6.47939
7.648 ; 6.48653
7.652 ; 6.49357
7.656 ; 6.5005
7.66 ; 6.50734
7.664 ; 6.51407
7.668 ; 6.5207
7.672 ; 6.52722
7.676 ; 6.53364
7.68 ; 6.53997
7.684 ; 6.54618
7.688 ; 6.5523
7.692 ; 6.55831
7.696 ; 6.56421
7.7 ; 6.57002
7.704 ; 6.57572
7.708 ; 6.58131
7.712 ; 6.5868
7.716 ; 6.59219
7.72 ; 6.59747
7.724 ; 6.60265
7.728 ; 6.60772
7.732 ; 6.61269
7.736 ; 6.61755
7.74 ; 6.62231
7.744 ; 6.62696
7.748 ; 6.63151
7.752 ; 6.63595
7.756 ; 6.64028
7.76 ; 6.64451
7.764 ; 6.64864
7.768 ; 6.65265
7.772 ; 6.65656
7.776 ; 6.66037
7.78 ; 6.66407
7.784 ; 6.66766
7.788 ; 6.67115
7.792 ; 6.67453
7.796 ; 6.6778
7.8 ; 6.68096
7.804 ; 6.68402
7.808 ; 6.68697
7.812 ; 6.68982
7.816 ; 6.69255
7.82 ; 6.69518
7.824 ; 6.69771
7.828 ; 6.70012
7.832 ; 6.70243
7.836 ; 6.70463
7.84 ; 6.70672
7.844 ; 6.7087
7.848 ; 6.71057
7.852 ; 6.71234
7.856 ; 6.714
7.86 ; 6.71555
7.864 ; 6.71699
7.868 ; 6.71832
7.872 ; 6.71955
7.876 ; 6.72066
7.88 ; 6.72167
7.884 ; 6.72257
7.888 ; 6.72336
7.892 ; 6.72404
7.896 ; 6.72461
7.9 ; 6.72508
7.904 ; 6.72543
7.908 ; 6.72568
7.912 ; 6.72581
7.916 ; 6.72584
7.92 ; 6.72576
7.924 ; 6.72556
7.928 ; 6.72526
7.932 ; 6.72485
7.936 ; 6.72433
7.94 ; 6.7237
7.944 ; 6.72296
7.948 ; 6.72211
7.952 ; 6.72116
7.956 ; 6.72009
7.96 ; 6.71891
7.964 ; 6.71762
7.968 ; 6.71623
7.972 ; 6.71472
7.976 ; 6.7131
7.98 ; 6.71138
7.984 ; 6.70954
7.988 ; 6.70759
7.992 ; 6.70554
7.996 ; 6.70337
8 ; 6.7011
8.004 ; 6.69871
8.008 ; 6.69622
8.012 ; 6.69361
8.016 ; 6.69089
8.02 ; 6.68807
8.024 ; 6.68513
8.028 ; 6.68209
8.032 ; 6.67893
8.036 ; 6.67567
8.04 ; 6.67229
8.044 ; 6.66881
8.048 ; 6.66521
8.052 ; 6.66151
8.056 ; 6.65769
8.06 ; 6.65377
8.064 ; 6.64973
8.068 ; 6.64559
8.072 ; 6.64133
8.076 ; 6.63697
8.08 ; 6.63249
8.084 ; 6.62791
8.088 ; 6.62322
8.092 ; 6.61841
8.096 ; 6.6135
8.1 ; 6.60848
8.104 ; 6.60334
8.108 ; 6.5981
8.112 ; 6.59275
8.116 ; 6.58729
8.12 ; 6.58172
8.124 ; 6.57604
8.128 ; 6.57025
8.132 ; 6.56435
8.136 ; 6.55834
8.14 ; 6.55223
8.144 ; 6.546
8.148 ; 6.53966
8.152 ; 6.53322
8.156 ; 6.52666
8.16 ; 6.52
8.164 ; 6.51323
8.168 ; 6.50635
8.172 ; 6.49936
8.176 ; 6.49226
8.18 ; 6.48505
8.184 ; 6.47774
8.188 ; 6.47032
8.192 ; 6.46278
8.196 ; 6.45514
8.2 ; 6.44739
8.204 ; 6.43954
8.208 ; 6.43157
8.212 ; 6.4235
8.216 ; 6.41532
8.22 ; 6.40703
8.224 ; 6.39863
8.228 ; 6.39013
8.232 ; 6.38152
8.236 ; 6.3728
8.24 ; 6.36397
8.244 ; 6.35503
8.248 ; 6.34599
8.252 ; 6.33684
8.256 ; 6.32759
8.26 ; 6.31822
8.264 ; 6.30876
8.268 ; 6.29918
8.272 ; 6.2895
8.276 ; 6.27971
8.28 ; 6.26981
8.284 ; 6.25981
8.288 ; 6.2497
8.292 ; 6.23949
8.296 ; 6.22917
8.3 ; 6.21875
8.304 ; 6.20822
8.308 ; 6.19758
8.312 ; 6.18684
8.316 ; 6.17599
8.32 ; 6.16504
8.324 ; 6.15398
8.328 ; 6.14282
8.332 ; 6.13155
8.336 ; 6.12019
8.34 ; 6.10871
8.344 ; 6.09713
8.348 ; 6.08545
8.352 ; 6.07366
8.356 ; 6.06177
8.36 ; 6.04977
8.364 ; 6.03767
8.368 ; 6.02547
8.372 ; 6.01317
8.376 ; 6.00076
8.38 ; 5.98825
8.384 ; 5.97564
8.388 ; 5.96292
8.392 ; 5.9501
8.396 ; 5.93718
8.4 ; 5.92416
8.404 ; 5.91103
8.408 ; 5.89781
8.412 ; 5.88448
8.416 ; 5.87105
8.42 ; 5.85752
8.424 ; 5.84389
8.428 ; 5.83016
8.432 ; 5.81633
8.436 ; 5.80239
8.44 ; 5.78836
8.444 ; 5.77423
8.448 ; 5.75999
8.452 ; 5.74566
8.456 ; 5.73123
8.46 ; 5.7167
8.464 ; 5.70207
8.468 ; 5.68734
8.472 ; 5.67251
8.476 ; 5.65758
8.48 ; 5.64256
8.484 ; 5.62743
8.488 ; 5.61221
8.492 ; 5.5969
8.496 ; 5.58148
8.5 ; 5.56596
8.504 ; 5.55036
8.508 ; 5.53465
8.512 ; 5.51884
8.516 ; 5.50295
8.52 ; 5.48695
8.524 ; 5.47086
8.528 ; 5.45467
8.532 ; 5.43839
8.536 ; 5.42201
8.54 ; 5.40553
8.544 ; 5.38896
8.548 ; 5.3723
8.552 ; 5.35555
8.556 ; 5.33869
8.56 ; 5.32175
8.564 ; 5.30471
8.568 ; 5.28758
8.572 ; 5.27035
8.576 ; 5.25304
8.58 ; 5.23563
8.584 ; 5.21812
8.588 ; 5.20053
8.592 ; 5.18284
8.596 ; 5.16507
8.6 ; 5.14719
8.604 ; 5.12923
8.608 ; 5.11118
8.612 ; 5.09304
8.616 ; 5.07481
8.62 ; 5.05648
8.624 ; 5.03807
8.628 ; 5.01957
8.632 ; 5.00098
8.636 ; 4.9823
8.64 ; 4.96353
8.644 ; 4.94467
8.648 ; 4.92573
8.652 ; 4.9067
8.656 ; 4.88757
8.66 ; 4.86836
8.664 ; 4.84907
8.668 ; 4.82969
8.672 ; 4.81022
8.676 ; 4.79066
8.68 ; 4.77102
8.684 ; 4.7513
8.688 ; 4.73148
8.692 ; 4.71159
8.696 ; 4.69161
8.7 ; 4.67154
8.704 ; 4.65139
8.708 ; 4.63115
8.712 ; 4.61084
8.716 ; 4.59044
8.72 ; 4.56995
8.724 ; 4.54938
8.728 ; 4.52874
8.732 ; 4.50801
8.736 ; 4.48719
8.74 ; 4.4663
8.744 ; 4.44533
8.748 ; 4.42427
8.752 ; 4.40313
8.756 ; 4.38192
8.76 ; 4.36062
8.764 ; 4.33924
8.768 ; 4.31778
8.772 ; 4.29625
8.776 ; 4.27464
8.78 ; 4.25295
8.784 ; 4.23118
8.788 ; 4.20933
8.792 ; 4.18741
8.796 ; 4.1654
8.8 ; 4.14333
8.804 ; 4.12118
8.808 ; 4.09894
8.812 ; 4.07664
8.816 ; 4.05426
8.82 ; 4.0318
8.824 ; 4.00927
8.828 ; 3.98666
8.832 ; 3.96399
8.836 ; 3.94124
8.84 ; 3.91841
8.844 ; 3.89551
8.848 ; 3.87254
8.852 ; 3.8495
8.856 ; 3.82638
8.86 ; 3.80319
8.864 ; 3.77994
8.868 ; 3.75661
8.872 ; 3.73321
8.876 ; 3.70975
8.88 ; 3.68621
8.884 ; 3.6626
8.888 ; 3.63892
8.892 ; 3.61518
8.896 ; 3.59136
8.9 ; 3.56748
8.904 ; 3.54353
8.908 ; 3.51951
8.912 ; 3.49543
8.916 ; 3.47128
8.92 ; 3.44706
8.924 ; 3.42278
8.928 ; 3.39843
8.932 ; 3.37402
8.936 ; 3.34955
8.94 ; 3.32501
8.944 ; 3.3004
8.948 ; 3.27573
8.952 ; 3.25101
8.956 ; 3.22621
8.96 ; 3.20135
8.964 ; 3.17643
8.968 ; 3.15146
8.972 ; 3.12642
8.976 ; 3.10131
8.98 ; 3.07615
8.984 ; 3.05093
8.988 ; 3.02565
8.992 ; 3.00031
8.996 ; 2.97491
9 ; 2.94946
9.004 ; 2.92394
9.008 ; 2.89836
9.012 ; 2.87274
9.016 ; 2.84705
9.02 ; 2.8213
9.024 ; 2.7955
9.028 ; 2.76965
9.032 ; 2.74374
9.036 ; 2.71777
9.04 ; 2.69175
9.044 ; 2.66568
9.048 ; 2.63955
9.052 ; 2.61337
9.056 ; 2.58714
9.06 ; 2.56086
9.064 ; 2.53452
9.068 ; 2.50813
9.072 ; 2.48169
9.076 ; 2.4552
9.08 ; 2.42865
9.084 ; 2.40206
9.088 ; 2.37543
9.092 ; 2.34874
9.096 ; 2.32199
9.1 ; 2.29521
9.104 ; 2.26838
9.108 ; 2.24149
9.112 ; 2.21456
9.116 ; 2.18759
9.12 ; 2.16057
9.124 ; 2.1335
9.128 ; 2.10639
9.132 ; 2.07924
9.136 ; 2.05204
9.14 ; 2.02479
9.144 ; 1.9975
9.148 ; 1.97017
9.152 ; 1.9428
9.156 ; 1.91538
9.16 ; 1.88792
9.164 ; 1.86042
9.168 ; 1.83288
9.172 ; 1.8053
9.176 ; 1.77768
9.18 ; 1.75002
9.184 ; 1.72232
9.188 ; 1.69458
9.192 ; 1.66681
9.196 ; 1.63899
9.2 ; 1.61113
9.204 ; 1.58324
9.208 ; 1.55532
9.212 ; 1.52736
9.216 ; 1.49936
9.22 ; 1.47133
9.224 ; 1.44326
9.228 ; 1.41516
9.232 ; 1.38702
9.236 ; 1.35886
9.24 ; 1.33066
9.244 ; 1.30242
9.248 ; 1.27415
9.252 ; 1.24586
9.256 ; 1.21753
9.26 ; 1.18917
9.264 ; 1.16078
9.268 ; 1.13236
9.272 ; 1.10391
9.276 ; 1.07543
9.28 ; 1.04692
9.284 ; 1.01839
9.288 ; 0.989831
9.292 ; 0.96124
9.296 ; 0.932631
9.3 ; 0.903987
9.304 ; 0.875318
9.308 ; 0.846624
9.312 ; 0.817913
9.316 ; 0.789169
9.32 ; 0.760402
9.324 ; 0.731612
9.328 ; 0.702806
9.332 ; 0.67397
9.336 ; 0.645113
9.34 ; 0.616233
9.344 ; 0.587341
9.348 ; 0.55842
9.352 ; 0.529479
9.356 ; 0.500527
9.36 ; 0.471547
9.364 ; 0.442548
9.368 ; 0.413532
9.372 ; 0.384505
9.376 ; 0.355453
9.38 ; 0.326385
9.384 ; 0.2973
9.388 ; 0.268207
9.392 ; 0.239091
9.396 ; 0.20996
9.4 ; 0.180814
9.404 ; 0.151663
9.408 ; 0.12249
9.412 ; 0.0933033
9.416 ; 0.0641128
9.42 ; 0.0349019
9.424 ; 0.00567938
9.428 ; -0.0235543
9.432 ; -0.0527904
9.436 ; -0.0820449
9.44 ; -0.111309
9.444 ; -0.140583
9.448 ; -0.169857
9.452 ; -0.199147
9.456 ; -0.228446
9.46 ; -0.257752
9.464 ; -0.287056
9.468 ; -0.316375
9.472 ; -0.3457
9.476 ; -0.375022
9.48 ; -0.404357
9.484 ; -0.433697
9.488 ; -0.463041
9.492 ; -0.49238
9.496 ; -0.52173
9.5 ; -0.551083
9.504 ; -0.580438
9.508 ; -0.609787
9.512 ; -0.639144
9.516 ; -0.668503
9.52 ; -0.697861
9.524 ; -0.727211
9.528 ; -0.756569
9.532 ; -0.785925
9.536 ; -0.815271
9.54 ; -0.844623
9.544 ; -0.873972
9.548 ; -0.903318
9.552 ; -0.932652
9.556 ; -0.961991
9.56 ; -0.991325
9.564 ; -1.02065
9.568 ; -1.04997
9.572 ; -1.07928
9.576 ; -1.10859
9.58 ; -1.1379
9.584 ; -1.16719
9.588 ; -1.19647
9.592 ; -1.22575
9.596 ; -1.25501
9.6 ; -1.28427
9.604 ; -1.31352
9.608 ; -1.34277
9.612 ; -1.37199
9.616 ; -1.4012
9.62 ; -1.43041
9.624 ; -1.4596
9.628 ; -1.48878
9.632 ; -1.51794
9.636 ; -1.5471
9.64 ; -1.57624
9.644 ; -1.60535
9.648 ; -1.63446
9.652 ; -1.66356
9.656 ; -1.69262
9.66 ; -1.72169
9.664 ; -1.75073
9.668 ; -1.77975
9.672 ; -1.80875
9.676 ; -1.83774
9.68 ; -1.86671
9.684 ; -1.89566
9.688 ; -1.92459
9.692 ; -1.9535
9.696 ; -1.98238
9.7 ; -2.01125
9.704 ; -2.04009
9.708 ; -2.06891
9.712 ; -2.09771
9.716 ; -2.12648
9.72 ; -2.15523
9.724 ; -2.18396
9.728 ; -2.21266
9.732 ; -2.24133
9.736 ; -2.26998
9.74 ; -2.29861
9.744 ; -2.32721
9.748 ; -2.35577
9.752 ; -2.38432
9.756 ; -2.41283
9.76 ; -2.44132
9.764 ; -2.46977
9.768 ; -2.4982
9.772 ; -2.5266
9.776 ; -2.55495
9.78 ; -2.58329
9.784 ; -2.6116
9.788 ; -2.63987
9.792 ; -2.6681
9.796 ; -2.69631
9.8 ; -2.72448
9.804 ; -2.75262
9.808 ; -2.78072
9.812 ; -2.80879
9.816 ; -2.83683
9.82 ; -2.86483
9.824 ; -2.89278
9.828 ; -2.92071
9.832 ; -2.9486
9.836 ; -2.97644
9.84 ; -3.00426
9.844 ; -3.03203
9.848 ; -3.05977
9.852 ; -3.08746
9.856 ; -3.11512
9.86 ; -3.14273
9.864 ; -3.17031
9.868 ; -3.19783
9.872 ; -3.22533
9.876 ; -3.25278
9.88 ; -3.28018
9.884 ; -3.30754
9.888 ; -3.33486
9.892 ; -3.36213
9.896 ; -3.38936
9.9 ; -3.41654
9.904 ; -3.44368
9.908 ; -3.47078
9.912 ; -3.49782
9.916 ; -3.52482
9.92 ; -3.55177
9.924 ; -3.57868
9.928 ; -3.60553
9.932 ; -3.63234
9.936 ; -3.6591
9.94 ; -3.68581
9.944 ; -3.71246
9.948 ; -3.73907
9.952 ; -3.76563
9.956 ; -3.79213
9.96 ; -3.81859
9.964 ; -3.845
9.968 ; -3.87136
9.972 ; -3.89763
9.976 ; -3.92386
9.98 ; -3.95002
9.984 ; -3.97609
9.988 ; -4.00226
9.992 ; -4.02834
9.996 ; -4.05445
10 ; -4.08061
